100 4797 13700 4914 13800 4719 13799 4947 14100 4922 13800 4914 13600 4950 14200 4599 12000 4947 13700 4895 13601 4845 13500 4697 20800 4895 14000 4884 14101 4935 14601 4949 14200 4895 13600 4944 14600 4830 13900 4859 13401 4929 13699 4914 14300 4905 13600 4740 13601 4697 14099 4940 14201 4950 14799 4779 14200 4884 14200 4859 14400 4830 14100 4884 13700 4830 13799 4872 14401 4905 14000 4940 13701 4947 14700 4872 14499 4905 13799 4859 13900 
200 19864 50599 18865 46801 19890 49600 19864 46500 19669 49300 19764 46300 19822 48200 19822 47901 19764 46801 19305 47500 19549 47399 19809 47800 19864 48199 19747 44100 19270 47000 19624 45500 19729 47500 19822 46500 19834 46701 19729 46600 19549 45899 19780 46199 19822 46400 19710 47100 19897 50199 19729 49699 19669 47000 19845 47399 19879 49000 19549 46000 19197 46900 19822 47700 19822 48601 19669 48900 19845 47200 19834 48201 19647 48100 19647 46799 18819 47400 19834 49700 
300 44354 95299 44550 97500 44730 95600 44070 96001 44835 97601 44805 102100 44525 98100 44574 100600 44525 100100 44730 99899 44805 97700 44597 97500 44415 98200 44550 98600 44697 95800 43904 95800 44354 98800 44814 101300 44759 98400 44597 97700 44829 100700 44714 98099 44444 95600 44679 99199 44795 100200 44385 96000 44550 114400 44730 100700 44415 100301 44847 95600 44822 98100 44574 99701 44829 100701 44784 99700 44640 98900 44795 99000 44640 98500 44147 99200 43860 93500 44772 95200 
400 79785 160699 79709 162899 79794 159900 79475 157000 79722 161300 79569 155400 79020 157300 79734 168400 79134 157500 79020 162301 79709 159599 78939 161300 79764 155701 79205 157000 78939 157100 79097 154901 79734 157900 79610 160799 79664 164701 79629 161400 79547 158900 79590 159100 79020 160000 79365 155899 79745 160001 79524 162001 78810 162200 79569 162799 79745 161400 79590 160500 79020 166201 79755 160499 79304 161700 79764 161500 79799 167100 79779 167000 79745 163401 79680 162800 79335 182700 79647 186000 
500 124315 155199 122605 148300 124735 149699 124659 160501 123319 155400 124399 152100 124597 150001 124399 148701 123424 151699 124614 153400 124714 150401 123847 149201 124695 154799 122980 146801 124372 151501 124630 153099 124614 157600 124344 147000 124084 148600 124722 157099 124344 148600 124372 149700 124450 150300 124372 150899 124047 150900 124645 148099 123424 147499 123319 151501 124155 155400 124285 153300 124315 146300 123715 153299 124614 156701 124579 152801 123475 153200 124750 156401 124597 156101 124344 157400 124084 155000 123930 147000 
600 179690 208700 178797 200599 179664 213800 179105 204499 179634 206200 178797 216200 179294 220401 179322 213101 178572 209400 179490 207900 178997 212800 178572 214900 178920 208399 179664 212699 179469 214901 179265 213899 178160 197600 178839 204700 179172 200601 178839 199900 179105 213100 179105 216799 179294 203701 177422 200100 178665 198000 179204 210901 178920 232800 178322 211600 178997 198101 178839 200200 179529 201399 179349 201300 179322 206600 179529 198601 179580 204000 177684 196999 179265 206400 179469 213700 179547 204001 179490 205800 
700 243660 272899 244479 270200 243789 273200 243425 262200 244622 268300 244350 271400 244419 268399 242997 260500 244055 280200 242939 271800 244350 267400 244479 262300 244055 265399 244497 271499 244460 262400 244325 270300 243522 295599 244325 273000 244584 258800 244622 260900 243569 271001 244614 265900 242697 275800 244497 264600 243704 255499 243704 257600 244325 263899 243947 265500 244460 258401 244350 254099 244440 254600 244215 267500 244530 265400 242820 258099 244545 268800 244350 268501 243789 255900 244020 257700 244595 256700 244605 266701 
800 318897 342299 319104 344200 319534 341800 319447 332999 318472 335800 319135 339000 319194 345901 319165 327201 319249 324000 319072 337100 318472 330501 316519 341400 319522 334200 318565 325301 319390 340300 318424 326900 319555 340600 318897 341400 319275 332700 317709 344800 318472 339000 318472 347000 319165 329000 319369 328600 319447 332300 319165 330799 319369 324201 319165 331300 318610 333901 318697 339899 317647 333900 318060 341300 319534 327900 319480 343400 317647 342300 319545 334301 319522 341100 318222 343500 319300 339000 319509 343300 
900 404540 410799 404022 427401 403469 423099 404199 402801 403065 403400 404115 397200 402597 399999 403730 407101 403172 418499 403515 398000 403809 407001 404199 407800 403689 386400 402659 406600 403989 408300 402405 407599 403224 399700 404144 415900 402339 413799 402065 403800 404085 414000 403275 453899 404085 413001 404085 408900 403469 401001 404297 402001 404297 405501 404319 408900 402720 404700 404250 407401 404340 416600 403065 403299 404484 417900 403847 400501 404360 407799 404250 402900 401775 414501 403809 401000 404397 421100 404547 409901 
1000 498639 573700 497355 508400 498870 489000 498972 543501 498465 562999 498720 648500 496097 669501 499065 682500 496799 681201 498275 540300 498554 532100 498419 666299 498324 527601 499065 614099 498972 588201 499422 736300 498174 712600 498465 679500 499464 688200 499290 685701 499175 683299 499290 684800 498639 689399 499122 693400 498680 587900 499310 562599 498639 553200 498939 693201 499200 577300 499472 600100 498465 668700 497960 654800 499364 686401 499149 685301 499494 582500 499485 656300 498834 496901 497085 515300 499409 562800 499490 658100 
1100 603322 540599 602965 556900 603415 581300 604422 556400 603504 568300 604174 540000 602497 560400 603784 563500 604125 543700 603747 541801 603019 540999 602239 540500 603589 565000 602239 562000 603709 554301 601600 555701 604395 540599 603225 548300 603820 524700 603460 549600 604174 570500 604297 564799 604150 577701 603954 563399 602559 575999 604197 565200 604240 579501 604125 591700 601524 578300 603820 576200 604422 568600 604297 568200 602910 548500 604435 546301 603460 559600 604449 550600 601822 556300 604174 550300 601894 538800 603784 537899 
1200 718580 656701 718904 673600 718965 654500 717969 658700 718175 684000 718410 655799 718539 646801 718074 664599 718410 655001 718872 645501 717630 648300 719379 679800 718539 650200 716397 681100 718734 659001 718904 650799 717630 675600 719309 662500 718805 636500 718272 643500 713072 652601 718839 650399 718539 667801 719124 673300 717915 646600 718410 652799 719364 643200 719264 654000 718410 629800 719309 672400 719247 677700 719295 622400 718872 658500 719169 646900 717189 657599 717054 676200 718620 651400 718770 654500 718872 662700 718224 669100 
