100 587 3499 560 3701 637 3700 769 3800 691 22301 672 3001 650 2700 601 2800 715 2700 611 2699 645 2599 696 2601 601 2599 615 2599 741 2800 663 2700 610 2699 630 2700 605 2599 610 2600 605 2600 690 2700 757 2800 649 2499 732 2599 610 2501 682 2700 628 2600 605 2500 637 2501 636 2500 638 2501 588 2601 600 2700 753 2700 615 2501 623 2600 609 2700 576 2600 576 2700 
200 1724 5000 1726 5101 1611 5200 1718 5001 1472 4700 1347 5000 1560 5100 1415 5700 1614 6100 1394 5700 1431 5700 1385 5600 1480 5701 1505 5700 1535 5600 1579 5600 1535 5700 1584 5801 1538 5801 1697 5801 1558 5900 1434 5800 1710 5800 1513 5701 1589 5800 1406 5400 1616 5600 1591 5700 1480 5501 1686 5900 1519 5699 1577 5700 1403 5600 1704 5800 1561 5501 1536 5600 1861 5801 1584 5600 1669 6000 1592 5601 
300 2390 8900 2736 8800 2531 8700 2489 8600 2650 9199 2477 9100 2300 9301 2423 8900 2411 8901 2608 8899 2929 9100 2459 9100 2427 8499 2436 8800 2289 8700 2279 9000 2466 8600 2818 8901 2382 8900 2386 8899 2902 9300 2749 9000 2811 9900 2794 9499 2667 9100 2416 9499 2407 9299 2427 9300 2428 9000 2681 9400 2654 9300 2374 9200 2372 9299 2455 9199 2676 9800 2393 9200 2683 9601 2578 9200 2441 9600 2537 9200 
400 3905 14000 3742 13300 3497 13700 3807 13999 3450 13500 3795 14100 3826 14001 3334 13300 3522 13700 3796 13799 3358 13301 3528 13600 3432 13500 3519 13400 3648 14000 3760 13300 3865 13900 3435 13900 3433 13600 3275 13400 3438 13400 3497 13701 3507 13500 3793 13500 3417 13600 3690 13200 4599 13999 3876 13601 3991 13600 3539 13500 3295 13601 3911 13799 3357 13300 3607 13801 3411 13500 3785 13599 4013 13900 3357 13399 3318 13601 4450 13800 
500 4954 16600 5279 16600 4939 15900 4939 16100 4700 16400 4944 16900 5002 19399 4552 17200 4486 16700 4786 16700 4663 15999 4694 17201 6204 16800 4637 16600 4737 16400 5035 16400 5082 16600 4622 17000 5179 16500 4748 17200 4397 16900 4696 16400 4412 17001 5437 17500 5126 17401 4742 17001 4531 17100 5186 17300 4909 17100 4603 17500 4914 17100 5028 16601 5357 17100 5866 17700 5034 17300 5035 17100 4730 16900 5266 17300 4703 16900 4536 17100 
600 6279 22401 5596 21900 6338 21699 6218 20899 6521 22200 5772 21301 5835 21100 5760 21500 6013 21500 5853 21500 6331 21001 5782 21000 5668 21900 5747 21001 6086 21200 5659 21400 5957 20900 5814 20999 6209 21200 5598 21801 5650 21300 5808 21900 6592 20500 5447 20401 5626 23099 6430 20500 5701 20500 5938 20999 5748 20299 5444 20999 6031 20700 6184 20200 6012 20299 6151 21100 6378 20700 6084 20899 5819 20900 6410 20200 5586 20601 5760 21000 
700 7656 23999 7684 24700 6901 24800 7241 24899 8353 25201 7460 24700 6799 25300 7180 24400 6988 25000 7337 24399 7083 25300 7642 24401 7420 28099 7031 24900 7376 25399 7061 24600 6894 25099 7122 25600 7460 24800 6990 25299 7109 26200 8237 26901 8926 25000 7259 25700 7239 24899 6725 25000 7074 27899 7642 25200 6980 25900 7223 25500 7451 25400 7163 25201 7367 25200 7115 25101 7692 25701 6763 26000 6963 25899 6489 25201 7150 25600 7471 24600 
800 8618 30001 7969 29301 9452 29999 8136 29600 8211 30300 8262 29701 8422 30700 8799 30801 8130 29300 8397 29900 8096 30101 7987 29600 8355 29800 8124 29800 7931 29700 8057 29800 8310 29600 8500 30699 8594 30699 8348 30400 8404 30000 8275 29400 9914 30500 8481 31800 8179 30400 8013 29800 8255 30500 8906 29501 8241 29400 8751 30200 8077 30101 8021 29600 9307 29400 8053 29301 7978 29500 8021 29500 8192 29301 8012 30300 7604 30300 8509 29400 
900 9842 35500 9817 35299 9156 34701 9941 35401 9420 34699 9425 34801 10830 34799 9288 34900 9808 35800 9806 34700 8914 35200 10190 35801 10324 35200 8819 34800 9366 34300 9104 34001 9944 33800 9181 34001 8959 34600 8970 34900 8769 34701 10135 34799 9979 34200 11257 34701 9945 34400 9079 34500 9771 34000 10613 34700 9218 35400 8675 34700 10083 35900 8868 34901 9802 34100 9918 34700 10153 33800 10523 33799 9321 34399 9551 34200 8854 33600 11296 36700 
1000 11402 46599 10891 47600 10970 47200 10429 47401 10391 47500 11064 46100 10080 46800 11630 45100 11540 47599 10535 46800 10858 46401 10045 47200 10656 45800 12684 46700 11055 45401 11127 46200 11976 45700 11305 87500 11164 45900 10932 45700 11142 47401 10433 46599 11090 46900 10301 46601 10059 45401 11269 46500 10835 45599 11107 47099 13358 45599 11040 46500 10636 46199 9841 45999 10045 46100 10713 44999 11779 45800 10554 46900 12233 47000 10665 47199 11741 45501 11855 45800 
1100 12165 41999 12007 42101 12724 42600 11376 42500 12331 43400 11170 42301 12623 42400 12089 42301 12723 42500 12062 42301 11654 42000 12660 42900 12253 41499 12349 41599 12777 42000 11869 42000 12647 41600 12894 40800 13246 41901 13870 43800 11483 42800 12424 44001 12012 42299 13055 41600 11212 42801 11871 41899 11457 42700 12380 42400 12669 41599 12623 41800 12556 43000 11431 42601 12330 43199 13948 43300 12213 41899 13014 42400 12254 41399 11448 41800 12101 41700 12455 42001 
1200 13104 48100 14515 48000 12902 48900 13159 47800 13434 48500 13270 49000 12709 48700 14232 49501 12983 48399 13016 49300 14153 47600 13197 49501 13604 48800 14607 48100 15026 49200 13647 47501 13168 49300 15783 49600 13927 49000 12570 48900 13599 50401 13811 50700 13297 48299 14139 48200 12934 48500 14366 49701 12722 49600 13448 48900 12481 49601 14093 48100 13264 47700 13666 49100 13888 47401 12703 48200 13227 46700 13868 49500 13336 48799 12988 47700 12697 49001 13945 48200 
